GEO_BEGIN=0
GEO_NAME=test
GEO_FUNC=log
GEO_ALT=0,1000
GEO_WP_COUNT=3
GEO_WP=0,-95.2278927,38.9323562
GEO_WP=1,-95.2278341,38.9322873
GEO_WP=2,-95.2275137,93230181591721.0000000
GEO_VALID=1
GEO_END=0
