GEO_BEGIN=0
GEO_NAME=KC
GEO_FUNC=WARN
GEO_ALT=50,1000
GEO_WP_COUNT=9
GEO_WP=0,39.2460520,-95.8133882
GEO_WP=1,38.6371616,-95.6296990
GEO_WP=2,38.0598077,-94.9324303
GEO_WP=3,38.2780567,-93.8614142
GEO_WP=4,39.1644551,-92.7574661
GEO_WP=5,39.9807258,-93.3587370
GEO_WP=6,40.1252553,-94.3301320
GEO_WP=7,39.7863906,-95.2441430
GEO_WP=8,39.2460520,-95.8133882
GEO_VALID=1
GEO_END=0
